37164
38372
35574
33940
31838
33538
30280
32678
31674
33648
30994
35552
31962
33346
36288
31678
30924
30990
31970
33568
34132
30928
32574
34626
34404
33558
34162
33544
33046
31820
32190
30850
30782
31074
33798
33032
35496
31620
32298
34254
34488
33552
31640
31454
32050
32900
32088
33852
31272
33578
33532
33138
34260
31926
34284
33472
33344
31106
31358
35382
33092
31996
33384
33344
32286
33016
34378
29812
29936
33996
33030
31816
33428
33532
33498
31400
33746
33450
32672
31218
32732
31324
33324
33808
33340
32392
33960
33596
34894
34486
33476
34972
30938
34688
31154
31098
34220
37698
30922
32140
34750
34590
33270
33136
34724
33042
32608
31812
34830
34728
37252
31538
33956
34920
32502
48176
35788
34130
34046
32520
34700
37424
31538
33556
30962
47884
34974
34194
30968
31676
33134
30972
33092
30478
33782
31246
33642
33982
31018
33472
34000
31234
33356
31998
30904
34370
33408
33000
32302
32090
34022
33820
30954
34030
30526
34150
34152
32078
33204
34862
34060
31768
33188
34120
31786
33698
32856
31354
30558
31322
34822
29898
31332
33314
35244
35482
34766
31076
34542
32074
34308
34782
45340
33604
31892
30736
34556
32462
34040
31644
33826
33118
32490
36974
31392
33428
32884
33304
32910
35354
33126
33260
34240
31688
33770
31842
34788
31382
34076
33394
31640
34096
31946
30186
33764
33702
30552
35166
30864
33812
31562
31044
33358
31320
31272
33406
34426
29912
34950
32558
36260
33958
31186
32358
38854
30844
31184
43216
48754
33630
31736
30906
31238
33986
31016
34578
30948
33914
37856
30392
34666
34350
33008
33144
32954
32112
32942
34692
31078
34346
34048
30674
31326
32934
30714
31880
34066
34296
33628
31950
34604
32980
31628
30292
33630
33104
31256
32848
31094
33616
31350
31482
34072
32754
33478
37660
30396
32092
30782
33334
33614
33188
34230
34124
31110
35062
34140
31390
31550
33676
33410
35134
38528
30740
33884
34162
32924
32168
31566
32726
33486
34048
34150
34016
31792
35308
33648
31988
31598
30790
33730
31048
32542
31090
33138
34480
33748
35042
33514
34650
34118
31350
33714
35220
31878
31126
30728
50946
33942
35940
31010
33854
35022
34850
33200
36036
32380
30960
30584
33476
31236
31062
31314
34072
33638
34404
33946
30754
34238
34574
35140
33876
31574
33732
32026
31990
33240
30936
32884
31342
31376
32362
30990
34042
33186
31096
35078
33656
44152
37164
31180
31968
31078
33408
34068
34266
34082
35064
34396
34586
33458
30102
35234
34370
33918
31974
34660
34250
30350
31610
31160
35152
33208
33102
30928
31352
32254
35340
33656
33504
31048
29948
33870
31234
34326
31306
33346
31890
30860
33520
33884
32546
34328
33192
32102
30954
31720
30968
33450
33920
33610
31594
30864
31368
34878
33494
33626
33834
33154
32984
35722
31052
33724
33774
33386
33820
30984
34490
31884
33038
31222
30172
31888
34404
34010
31250
33390
34180
30950
34984
34212
35338
31052
32932
33298
35448
34242
33344
32008
31722
31766
31218
32182
33928
33458
33938
33774
34144
34566
29772
30784
33068
31772
31752
34410
32962
31308
33914
35482
32268
31134
32918
33374
32348
33320
31580
34376
31776
36228
35728
34148
34454
33430
32832
34414
31498
33148
30320
35498
32624
30540
34056
30612
34350
31996
39390
34004
33216
33848
31324
33946
33682
30594
31572
33366
31834
33936
33580
33174
33420
50912
30766
33860
32470
34092
32156
33434
31340
33854
34226
33934
33538
30536
34046
31690
36298
33806
31448
32418
34008
30806
31910
33628
34040
33956
33942
31358
31508
34602
32982
31834
31558
32234
31526
31624
30826
31084
30962
34240
31074
32260
35132
34252
33292
33412
33546
32696
32720
32946
33114
34600
34524
34678
32010
31048
33698
29920
33508
33484
34878
35566
33646
34140
32302
34666
33012
34118
31892
31534
31818
33750
33798
30930
34498
34178
33580
32922
32232
33486
32478
30234
32532
33384
34810
34738
32002
30826
33912
32558
32778
34174
35852
36160
33642
31384
34152
34540
32830
35318
30724
32148
33402
31894
34104
32354
32354
33000
33516
34290
30440
34394
33024
31894
31364
32642
31462
31188
34038
31212
31748
30492
30760
41582
31942
33734
44892
30410
34612
30688
35518
34932
33402
31722
30964
33450
30844
30450
32506
34176
30606
38234
30772
33526
32030
31844
30824
33584
33826
34312
35400
31716
36646
30944
32776
52118
32980
33396
34926
30306
34382
34054
31696
31478
31356
34240
42086
33838
31700
31664
30620
35324
31194
34704
31690
31782
35610
32498
33580
31632
35426
33986
34554
34618
32532
31004
31062
35740
33612
34378
33684
30974
35514
33982
32812
35292
34044
36068
32814
33080
31022
33820
33390
34466
35048
36266
31132
34230
34296
35048
34880
30746
48914
34666
34606
33920
33508
34136
32766
31298
32114
33476
31756
31220
33502
32094
34414
31068
33748
32964
33846
34220
30488
33424
34124
35150
31854
35278
46698
30466
32390
31752
31044
32326
32854
33856
31442
31120
33106
31134
31152
34426
33954
33698
33812
31594
35256
31410
32054
30506
32474
35298
32784
31828
33000
